1371798,1
1371942,1
1372618,1
1372922,1
1373196,1
1373357,1
1373366,1
1373392,1
1373456,1
1373488,1
1373917,1
1374301,1
1374381,1
1375078,1
1375267,1
1375408,1
1375491,1
1375513,1
1375677,1
1375802,1
1375991,1
1376195,1
1376220,1
1376516,1
1376643,1
1376794,1
1376832,1
1377210,1
1377306,1
1377373,1
1377709,1
1377818,1
1378019,1
1378080,1
1378134,1
1378317,1
1378403,1
1378484,1
1378669,2
1378928,1
1378976,1
1378979,1
1379306,1
1379351,1
1379373,1
1379379,1
1379485,1
1379584,1
1379782,1
1379843,1
1379904,1
1379936,1
1380045,1
1380112,1
1380164,1
1380224,1
1380240,1
1380265,1
1380359,1
1380426,1
1380617,1
1380636,1
1380708,1
1380711,1
1380883,1
1381024,1
1381162,1
1381213,1
1381257,1
1381325,1
1381350,1
1381437,1
1381466,1
1381594,1
1381703,1
1381785,1
1381808,1
1382013,1
1382048,1
1382055,1
1382086,1
1382195,1
1382294,1
1382400,1
1382512,1
1382685,1
1382791,1
1382903,1
1382918,1
1383018,1
1383065,1
1383079,1
1383177,1
1383203,1
1383293,1
1383332,1
1383411,1
1383430,1
1383619,1
1383699,1
1383722,1
1383863,1
1383911,1
1384045,1
1384074,1
1384147,1
1384499,1
1384551,1
1384557,1
1384560,1
1384643,1
1384679,1
1384716,1
1384822,1
1385027,1
1385072,1
1385216,1
1385328,1
1385338,1
1385411,1
1385575,1
1385609,1
1385814,1
1385830,1
1385866,2
1386141,1
1386166,1
1386247,1
1386323,1
1386333,1
1386352,1
1386490,1
1386553,1
1386569,1
1386628,1
1386701,1
1386810,1
1386915,1
1387033,1
1387100,1
1387331,1
1387373,1
1387514,1
1387558,1
1387562,1
1387594,1
1387696,1
1387753,1
1387764,1
1387779,1
1387831,1
1387884,1
1387981,1
1387984,1
1388230,1
1388323,1
1388374,1
1388445,1
1388516,1
1388519,1
1388576,1
1388628,1
1388697,1
1388791,1
1388793,1
1388889,1
1388935,1
1388976,1
1389008,2
1389053,1
1389107,1
1389190,1
1389200,1
1389203,1
1389267,1
1389347,1
1389463,1
1389552,1
1389577,1
1389623,1
1389639,1
1389708,1
1389936,1
1390076,1
1390121,1
1390224,1
1390246,1
1390282,1
1390432,1
1390547,1
1390873,1
1390883,1
1390995,1
1391002,1
1391030,1
1391194,1
1391223,1
1391325,1
1391372,1
1391462,1
1391475,1
1391546,1
1391622,1
1391699,1
1391709,1
1391734,1
1391754,1
1391860,1
1391872,1
1392362,1
1392375,1
1392538,1
1392672,1
1392838,1
1392868,1
1392902,1
1392960,1
1392966,1
1392969,1
1392995,1
1392998,1
1393030,1
1393040,1
1393050,1
1393248,1
1393261,1
1393404,1
1393507,1
1393607,1
1393632,1
1393636,1
1393760,1
1393792,1
1393879,1
1394096,1
1394169,1
1394227,1
1394295,1
1394304,1
1394336,2
1394409,1
1394413,1
1394528,1
1394541,1
1394595,1
1394605,1
1394627,1
1394701,1
1394765,1
1394807,2
1394829,1
1394876,1
1394883,1
1394909,1
1395091,1
1395129,1
1395210,1
1395258,1
1395357,1
1395475,1
1395568,1
1395603,1
1395648,1
1395689,1
1395715,1
1395719,1
1395783,1
1395818,1
1395888,1
1395952,1
1395968,1
1396045,1
1396048,1
1396051,1
1396086,1
1396099,1
1396131,1
1396138,1
1396266,1
1396276,1
1396371,1
1396381,1
1396429,1
1396535,1
1396592,1
1396611,1
1396633,1
1396726,1
1396771,1
1396820,1
1396886,1
1396887,1
1396950,1
1397008,1
1397085,1
1397177,1
1397261,1
1397302,1
1397318,1
1397322,1
1397324,1
1397450,2
1397459,1
1397530,1
1397594,1
1397642,1
1397648,1
1397680,1
1397751,1
1397818,2
1397962,1
1398064,1
1398077,1
1398099,1
1398151,1
1398391,1
1398407,1
1398458,1
1398474,1
1398493,1
1398506,1
1398586,1
1398592,1
1398637,1
1398694,1
1398764,1
1398784,1
1398816,1
1398925,1
1398980,1
1399011,2
1399056,1
1399142,1
1399168,1
1399210,1
1399449,1
1399488,1
1399494,1
1399495,1
1399498,1
1399530,1
1399539,1
1399622,1
1399644,1
1399687,1
1399692,1
1399747,1
1399792,1
1399910,1
1399968,1
1400010,1
1400086,1
1400141,1
1400151,1
1400220,1
1400240,1
1400250,1
1400284,1
1400314,1
1400348,1
1400404,1
1400573,1
1400605,1
1400653,1
1400707,1
1400762,1
1400855,1
1400860,1
1400918,1
1400921,1
1400925,1
1400928,1
1401021,1
1401034,1
1401047,1
1401059,1
1401085,1
1401190,1
1401229,1
1401258,1
1401293,1
1401328,1
1401334,1
1401405,1
1401462,1
1401497,1
1401504,1
1401571,1
1401574,1
1401578,1
1401591,1
1401616,1
1401635,1
1401667,1
1401728,2
1401852,1
1401882,1
1401894,1
1401991,1
1401994,1
1402067,1
1402068,1
1402141,1
1402147,1
1402246,2
1402249,2
1402285,1
1402294,1
1402320,1
1402345,1
1402349,1
1402400,1
1402413,1
1402435,1
1402448,1
1402464,1
1402496,1
1402518,1
1402541,1
1402595,1
1402631,1
1402633,1
1402665,1
1402803,1
1402870,1
1402906,1
1402912,1
1402925,1
1402935,1
1402960,1
1403030,1
1403094,1
1403207,1
1403210,1
1403241,1
1403261,1
1403334,1
1403338,1
1403380,1
1403389,1
1403392,1
1403418,1
1403444,1
1403456,1
1403507,2
1403520,1
1403584,1
1403802,1
1403831,1
1403859,1
1403866,1
1403872,1
1403920,1
1403946,1
1404045,1
1404099,1
1404124,1
1404131,1
1404140,1
1404176,1
1404192,1
1404202,1
1404230,1
1404288,1
1404320,1
1404371,1
1404429,1
1404464,1
1404470,1
1404486,1
1404522,1
1404524,1
1404583,1
1404624,1
1404634,1
1404666,1
1404685,1
1404730,1
1404780,1
1404790,1
1404794,1
1404848,1
1404944,1
1404954,1
1404970,1
1404992,1
1405021,1
1405024,1
1405028,1
1405037,1
1405076,1
1405088,1
1405142,1
1405149,1
1405158,1
1405228,1
1405296,1
1405315,1
1405328,1
1405482,1
1405616,2
1405622,1
1405642,1
1405687,1
1405693,1
1405808,1
1405863,1
1405885,1
1405910,1
1405923,1
1405932,1
1405955,1
1405956,1
1406000,1
1406061,1
1406067,1
1406070,1
1406080,2
1406288,1
1406308,1
1406310,1
1406336,1
1406381,1
1406416,1
1406442,1
1406448,1
1406487,1
1406500,1
1406509,1
1406554,1
1406570,1
1406592,2
1406656,1
1406669,1
1406720,1
1406787,1
1406806,1
1406823,1
1406832,1
1406852,1
1406858,1
1406880,1
1406893,1
1406928,3
1406937,1
1406970,1
1407024,1
1407031,1
1407037,1
1407059,1
1407095,1
1407107,1
1407225,1
1407331,1
1407353,1
1407360,1
1407386,1
1407417,1
1407469,1
1407488,1
1407604,1
1407612,1
1407623,1
1407687,1
1407732,1
1407748,1
1407805,1
1407843,1
1407862,1
1407904,1
1407942,1
1407962,1
1407971,1
1408019,1
1408074,1
1408084,1
1408221,1
1408240,2
1408259,1
1408300,1
1408314,1
1408324,1
1408349,1
1408358,1
1408397,1
1408435,1
1408474,1
1408484,1
1408556,1
1408560,1
1408563,1
1408576,1
1408583,1
1408598,1
1408611,1
1408640,1
1408646,1
1408663,1
1408672,1
1408679,1
1408688,1
1408730,1
1408745,1
1408758,1
1408774,1
1408777,1
1408778,1
1408803,1
1408819,1
1408822,1
1408883,1
1408902,1
1408947,1
1409037,1
1409107,1
1409127,1
1409213,1
1409280,1
1409354,1
1409386,1
1409414,1
1409433,1
1409434,1
1409488,1
1409564,1
1409590,1
1409600,1
1409612,1
1409632,1
1409664,1
1409667,1
1409668,1
1409693,1
1409703,1
1409738,1
1409828,1
1409859,1
1409875,1
1409936,1
1409958,1
1410012,1
1410013,1
1410032,1
1410054,1
1410157,1
1410208,1
1410237,1
1410250,1
1410259,1
1410288,1
1410295,1
1410307,1
1410314,1
1410323,1
1410371,1
1410374,1
1410378,1
1410432,1
1410451,1
1410480,1
1410515,1
1410522,1
1410534,1
1410550,1
1410564,1
1410570,1
1410624,1
1410662,1
1410666,1
1410669,1
1410694,1
1410704,1
1410724,1
1410730,1
1410819,1
1410822,1
1410864,2
1410870,1
1410876,1
1410890,1
1410957,1
1410985,1
1410989,1
1411078,1
1411088,1
1411104,1
1411114,1
1411200,1
1411280,1
1411290,1
1411386,1
1411420,1
1411427,1
1411517,1
1411648,1
1411728,1
1411814,1
1411875,1
1411882,1
1411987,1
1412010,1
1412028,1
1412032,2
1412048,1
1412160,1
1412195,1
1412218,1
1412256,2
1412268,1
1412301,1
1412333,1
1412416,1
1412461,1
1412503,1
1412531,1
1412605,1
1412630,1
1412704,2
1412723,1
1412743,1
1412764,1
1412771,1
1412788,1
1412819,1
1412829,1
1412871,1
1412954,1
1413002,1
1413012,1
1413018,1
1413040,1
1413082,2
1413091,1
1413104,1
1413161,1
1413219,1
1413222,1
1413225,1
1413280,1
1413283,1
1413286,1
1413331,1
1413370,1
1413456,1
1413488,1
1413507,1
1413536,1
1413555,1
1413587,1
1413607,1
1413657,1
1413658,1
1413702,1
1413725,1
1413798,1
1413827,1
1413853,1
1413898,1
1413901,1
1413946,1
1414000,1
1414007,1
1414022,1
1414089,1
1414100,1
1414119,1
1414131,1
1414144,1
1414170,1
1414211,1
1414256,1
1414298,1
1414311,1
1414314,1
1414368,1
1414387,1
1414406,1
1414445,1
1414493,2
1414547,1
1414560,1
1414563,1
1414570,1
1414665,1
1414701,1
1414707,2
1414742,1
1414752,1
1414883,1
1414902,1
1414903,1
1414912,1
1414928,2
1414957,1
1414967,1
1415024,1
1415161,1
1415165,1
1415181,1
1415194,1
1415206,1
1415300,1
1415376,1
1415401,1
1415472,1
1415478,1
1415494,1
1415530,1
1415565,1
1415613,1
1415638,1
1415645,1
1415648,1
1415744,1
1415785,1
1415799,1
1415891,1
1415904,1
1415917,1
1415926,1
1415945,1
1415949,1
1415955,1
1415965,1
1415988,1
1416026,1
1416029,1
1416051,1
1416108,1
1416131,1
1416147,1
1416185,1
1416202,1
1416224,1
1416249,1
1416317,1
1416343,1
1416356,1
1416372,1
1416390,1
1416394,1
1416403,1
1416426,1
1416436,1
1416477,1
1416490,1
1416506,1
1416567,1
1416586,1
1416589,1
1416649,1
1416694,1
1416707,1
1416729,1
1416733,1
1416758,1
1416768,1
1416771,1
1416781,1
1416784,1
1416800,1
1416877,1
1416921,1
1416925,1
1416963,1
1417072,1
1417088,1
1417098,1
1417159,1
1417162,1
1417180,1
1417187,1
1417210,1
1417239,1
1417251,1
1417322,1
1417360,1
1417396,1
1417427,1
1417485,1
1417492,1
1417571,1
1417597,1
1417696,1
1417708,1
1417725,1
1417769,1
1417796,1
1417801,1
1417927,1
1417946,1
1417962,1
1418000,1
1418048,1
1418080,1
1418086,1
1418137,1
1418150,1
1418154,1
1418198,1
1418221,1
1418240,1
1418269,1
1418275,1
1418297,1
1418365,1
1418384,1
1418390,1
1418505,1
1418544,1
1418551,1
1418560,1
1418576,1
1418611,1
1418649,1
1418720,1
1418838,1
1418887,1
1418985,2
1419030,1
1419104,2
1419110,1
1419168,1
1419174,1
1419187,1
1419271,1
1419398,1
1419424,1
1419479,1
1419504,1
1419520,1
1419532,1
1420019,1
1420096,1
1420116,1
1420118,1
1420140,1
1420211,1
1420234,1
1420279,1
1420282,1
1420329,1
1420336,1
1420362,1
1420368,1
1420451,1
1420519,1
1420553,1
1420582,1
1420595,1
1420608,1
1420640,1
1420649,1
1420662,1
1420682,1
1420700,1
1420794,1
1420829,1
1420851,1
1420909,1
1421024,1
1421046,1
1421094,1
1421111,1
1421244,1
1421271,1
1421290,1
1421308,1
1421389,1
1421408,1
1421443,1
1421456,1
1421516,1
1421577,1
1421616,1
1421619,1
1421622,1
1421674,1
1421677,1
1421689,1
1421868,1
1421962,1
1422026,1
1422042,1
1422057,1
1422108,1
1422125,1
1422227,1
1422234,1
1422256,1
1422262,1
1422326,1
1422339,1
1422359,1
1422384,1
1422438,1
1422470,1
1422515,2
1422547,1
1422554,1
1422579,1
1422643,1
1422650,1
1422720,1
1422764,1
1422790,1
1422855,1
1422979,1
1422996,1
1423200,1
1423238,1
1423296,1
1423322,1
1423357,1
1423456,1
1423504,1
1423718,1
1423827,1
1423901,1
1423987,1
1423997,1
1424007,1
1424080,1
1424108,1
1424128,1
1424169,1
1424426,1
1424515,1
1424608,1
1424739,1
1424772,1
1424774,1
1424813,1
1424851,1
1424887,1
1424918,1
1424957,1
1425053,1
1425068,1
1425229,1
1425261,1
1425264,2
1425267,1
1425308,1
1425370,1
1425386,1
1425398,1
1425482,1
1425517,1
1425584,1
1425594,1
1425629,1
1425671,1
1425738,1
1425772,1
1425773,1
1425814,2
1425869,1
1425968,1
1426025,1
1426042,1
1426054,1
1426067,2
1426186,1
1426355,1
1426407,1
1426496,1
1426583,1
1426787,1
1426822,1
1426867,1
1426880,1
1426954,1
1427037,1
1427072,1
1427139,1
1427171,1
1427181,2
1427206,1
1427238,1
1427251,1
1427296,1
1427302,1
1427305,1
1427315,1
1427366,1
1427379,1
1427485,1
1427494,1
1427549,1
1427558,1
1427574,1
1427645,1
1427721,1
1427722,1
1427760,1
1427785,1
1427834,1
1427891,1
1427933,1
1427974,1
1428004,1
1428010,1
1428035,1
1428093,1
1428131,1
1428144,1
1428163,1
1428170,1
1428217,1
1428227,1
1428233,1
1428275,1
1428393,1
1428457,1
1428580,1
1428620,1
1428688,1
1428694,1
1428720,1
1428752,1
1428819,1
1428842,1
1428992,1
1429056,1
1429149,1
1429168,2
1429190,1
1429200,1
1429235,1
1429286,1
1429319,1
1429334,1
1429353,1
1429472,1
1429491,1
1429514,1
1429639,1
1429706,1
1429718,1
1429735,1
1429824,1
1429834,1
1429843,1
1429860,1
1430089,1
1430096,1
1430144,1
1430211,1
1430221,1
1430236,1
1430243,1
1430246,1
1430339,1
1430343,1
1430345,1
1430381,1
1430541,1
1430553,1
1430592,1
1430601,1
1430717,1
1430771,1
1430810,1
1430861,1
1430883,1
1430893,1
1430912,1
1430995,1
1431043,1
1431082,1
1431085,1
1431091,1
1431149,1
1431152,1
1431158,1
1431178,1
1431242,1
1431258,1
1431296,1
1431325,1
1431372,2
1431424,1
1431430,1
1431436,1
1431437,1
1431475,1
1431507,1
1431520,1
1431689,1
1431776,1
1431786,1
1431799,1
1431821,1
1431872,1
1431984,2
1431994,1
1432022,1
1432045,1
1432068,1
1432212,1
1432243,1
1432285,1
1432340,1
1432426,1
1432445,1
1432458,1
1432556,1
1432615,1
1432672,2
1432679,1
1432694,1
1432759,1
1432899,1
1433066,1
1433120,1
1433132,1
1433245,1
1433270,1
1433325,1
1433328,1
1433369,1
1433404,1
1433456,1
1433594,1
1433603,1
1433641,1
1433751,1
1433907,1
1434061,1
1434240,1
1434268,1
1434349,1
1434454,2
1434480,1
1434489,1
1434496,1
1434502,1
1434573,1
1434580,1
1434611,1
1434652,1
1434698,1
1434784,1
1434803,1
1434810,1
1434829,1
1434938,1
1434947,1
1434960,1
1434967,1
1435005,1
1435052,1
1435072,1
1435133,1
1435164,1
1435280,1
1435292,1
1435309,1
1435318,1
1435479,1
1435590,1
1435600,1
1435657,1
1435757,1
1435770,1
1435782,1
1435824,1
1435882,1
1435907,1
1435945,1
1436045,2
1436215,1
1436282,1
1436307,1
1436313,1
1436317,1
1436413,1
1436537,1
1436592,1
1436649,1
1436679,1
1436685,1
1436704,1
1436713,1
1436803,1
1436848,1
1436919,1
1436954,1
1436964,1
1436967,1
1437020,1
1437094,1
1437126,1
1437129,1
1437149,1
1437200,1
1437222,1
1437286,1
1437293,1
1437296,1
1437312,1
1437360,2
1437450,1
1437475,1
1437587,1
1437709,1
1437724,1
1437738,1
1437744,1
1437984,1
1437994,1
1438004,1
1438038,1
1438039,1
1438096,1
1438259,1
1438291,1
1438342,1
1438384,1
1438525,1
1438534,1
1438589,1
1438624,1
1438678,1
1438726,1
1438733,1
1438765,1
1438823,1
1438826,1
1438851,1
1438919,1
1438922,1
1438960,1
1438966,1
1438982,1
1439037,1
1439065,1
1439082,1
1439133,1
1439168,1
1439299,1
1439312,1
1439379,1
1439430,1
1439449,1
1439587,1
1439639,1
1439651,1
1439731,1
1439779,1
1439795,1
1439908,1
1440020,1
1440029,1
1440096,1
1440128,1
1440132,1
1440134,1
1440214,1
1440304,1
1440311,1
1440343,1
1440380,1
1440400,1
1440476,1
1440531,1
1440729,1
1440823,1
1440877,1
1440951,1
1440976,1
1441101,1
1441136,1
1441143,1
1441162,1
1441244,1
1441526,1
1441604,1
1441638,1
1441686,1
1441712,1
1441914,1
1442099,1
1442202,1
1442292,1
1442516,1
1442589,1
1442643,1
1442714,1
1442793,1
1442822,1
1442838,1
1442876,1
1442896,1
1442928,1
1442934,1
1443027,1
1443072,1
1443075,1
1443322,1
1443373,1
1443476,1
1443724,1
1443767,1
1443897,1
1443929,1
1443952,1
1444020,1
1444185,1
1444260,1
1444269,1
1444377,1
1444669,1
1444796,1
1444838,1
1444957,1
1445040,1
1445123,1
1445139,1
1445184,1
1445187,1
1445280,1
1445296,1
1445644,1
1445668,1
1445750,1
1445827,1
1445879,1
1445920,1
1445949,1
1446004,1
1446054,1
1446195,1
1446221,1
1446432,1
1446832,1
1446986,1
1447158,1
1447593,1
1447657,1
1447821,1
1448019,1
1448615,1
1448772,1
1448893,1
1449120,1
1449159,1
1449383,1
1449705,1
1449798,1
1449904,1
1450051,1
1450425,1
1450489,1
1451046,1
1451395,1
1452861,1
1453475,1
1454154,1
1454301,1
1454343,1
1454589,1
1454666,1
1455047,1
1455244,1
1455731,1
1456902,1
1459037,1
1473005,1
1474700,1
1474931,1
1475011,1
1475031,1
1475171,1
1475434,1
1475651,1
1475769,1
1475862,1
1476112,1
1476301,1
1476486,1
1476586,1
1476790,1
1476806,1
1476845,1
1477021,2
1477222,1
1477223,1
1477459,1
1477482,1
1477655,1
1477689,1
1477741,1
1477849,1
1477907,1
1477908,1
1478016,1
1478109,1
1478201,1
1478230,1
1478480,1
1478522,1
1478585,2
1478669,1
1479107,1
1479117,1
1479129,1
1479158,1
1479216,1
1479238,1
1479254,1
1479328,1
1479351,1
1479363,1
1479482,1
1479532,1
1479757,1
1479760,1
1479795,1
1479821,1
1479901,1
1479968,1
1480102,1
1480170,1
1480182,1
1480233,1
1480294,1
1480400,1
1480445,1
1480461,1
1480646,1
1480669,1
1480698,1
1480877,1
1480944,1
1481046,1
1481094,1
1481110,1
1481114,1
1481165,1
1481178,1
1481203,1
1481321,1
1481392,1
1481469,1
1481481,1
1481492,1
1481497,1
1481510,1
1481514,1
1481523,1
1481545,1
1481548,1
1481562,1
1481571,1
1481597,1
1481770,1
1481786,1
1482032,1
1482083,1
1482167,1
1482170,1
1482262,1
1482336,1
1482419,1
1482499,1
1482691,1
1482772,1
1482912,1
1482928,1
1482932,1
1482992,1
1483027,1
1483049,1
1483101,1
1483143,1
1483193,1
1483309,1
1483383,1
1483392,1
1483504,1
1483542,1
1483555,1
1483635,1
1483690,1
1483712,1
1483760,1
1483795,1
1483827,1
1483894,1
1483914,1
1483971,1
1483984,1
1484000,1
1484013,1
1484124,1
1484140,1
1484218,1
1484240,1
1484250,1
1484307,1
1484400,1
1484509,1
1484512,1
1484550,1
1484586,1
1484678,1
1484692,1
1484704,1
1484717,1
1484742,1
1484758,1
1484790,1
1484809,1
1484915,1
1484922,1
1484935,1
1484948,1
1484967,1
1484998,1
1485059,1
1485165,1
1485174,1
1485187,1
1485251,1
1485331,1
1485335,1
1485353,1
1485357,1
1485360,2
1485366,1
1485424,1
1485491,1
1485607,1
1485626,1
1485684,1
1485690,1
1485728,1
1485750,1
1485817,1
1485846,1
1485856,1
1485904,1
1485968,1
1485987,1
1486020,1
1486022,1
1486042,1
1486164,1
1486214,1
1486259,1
1486266,1
1486275,1
1486294,1
1486381,1
1486387,1
1486390,1
1486419,1
1486428,1
1486444,1
1486448,1
1486534,1
1486547,1
1486557,1
1486713,1
1486746,1
1486797,1
1486844,1
1486854,1
1486899,1
1487030,1
1487037,1
1487040,1
1487081,1
1487114,1
1487174,1
1487248,1
1487274,1
1487302,1
1487341,1
1487376,1
1487460,1
1487491,1
1487533,1
1487590,1
1487676,1
1487690,1
1487737,1
1487738,1
1487792,1
1487799,1
1487818,1
1487840,1
1487844,1
1487955,1
1487968,1
1487990,1
1488045,1
1488048,1
1488074,1
1488103,1
1488119,1
1488141,1
1488154,1
1488156,2
1488160,1
1488167,1
1488278,1
1488284,1
1488297,1
1488343,1
1488355,1
1488362,1
1488381,1
1488400,1
1488445,1
1488451,1
1488461,1
1488531,1
1488547,1
1488554,1
1488605,1
1488681,1
1488720,1
1488857,1
1488889,1
1488890,1
1488921,1
1488947,1
1488988,1
1489046,1
1489056,1
1489130,1
1489209,1
1489267,1
1489315,1
1489344,1
1489411,1
1489434,1
1489440,1
1489488,1
1489524,1
1489526,1
1489565,1
1489590,1
1489635,1
1489670,1
1489706,1
1489731,1
1489754,1
1489837,1
1489843,1
1489875,1
1489911,1
1489939,1
1489956,1
1489958,1
1489965,1
1490020,1
1490035,1
1490089,1
1490147,1
1490150,1
1490164,1
1490211,1
1490272,1
1490480,1
1490505,1
1490525,1
1490886,1
1490944,1
1490982,1
1491014,1
1491085,1
1491129,1
1491152,1
1491177,1
1491238,1
1491312,1
1491357,1
1491363,1
1491376,1
1491443,1
1491446,1
1491507,1
1491520,1
1491571,1
1491590,1
1491594,1
1491667,1
1491680,1
1491709,1
1491721,1
1491725,1
1491744,1
1491751,1
1491798,1
1491805,1
1491827,1
1491888,1
1491936,1
1492022,1
1492077,1
1492198,1
1492227,1
1492253,1
1492346,1
1492374,1
1492400,1
1492460,1
1492694,1
1492720,1
1492749,2
1492804,1
1492832,1
1492884,1
1492989,1
1493030,1
1493107,1
1493168,1
1493190,1
1493206,1
1493238,1
1493239,1
1493251,1
1493408,1
1493424,1
1493475,1
1493523,1
1493527,1
1493671,1
1493709,1
1493856,1
1493876,1
1493894,1
1493926,1
1493959,1
1493977,1
1494003,1
1494122,1
1494131,1
1494150,1
1494163,1
1494186,1
1494189,1
1494275,1
1494276,1
1494330,1
1494349,1
1494355,1
1494473,1
1494508,1
1494544,1
1494563,1
1494570,1
1494608,1
1494624,1
1494743,1
1494822,1
1494902,1
1494909,1
1494973,1
1495181,1
1495187,1
1495219,1
1495367,1
1495372,1
1495485,1
1495565,1
1495609,1
1495610,1
1495671,1
1495776,1
1495805,1
1495808,2
1495840,1
1496007,1
1496029,1
1496074,1
1496128,1
1496163,1
1496221,1
1496281,1
1496381,1
1496396,1
1496410,1
1496423,1
1496480,1
1496534,1
1496547,1
1496608,1
1496698,1
1496707,1
1496743,1
1496854,1
1496982,1
1497098,1
1497152,1
1497197,1
1497348,1
1497424,1
1497472,1
1497539,1
1497712,1
1498009,1
1498064,1
1498221,1
1498228,1
1498269,1
1498282,1
1498298,1
1498348,1
1498428,1
1498540,1
1498563,1
1498570,1
1498634,1
1498771,1
1498781,1
1498950,1
1498957,1
1499030,1
1499081,1
1499174,1
1499264,1
1499308,1
1499382,1
1499549,1
1499565,1
1499689,1
1499760,1
1499785,1
1499904,1
1499914,1
1499978,1
1500016,1
1500044,1
1500134,1
1500169,1
1500202,1
1500263,1
1500413,1
1500454,1
1500477,1
1500563,1
1500579,1
1500665,1
1500685,1
1500813,1
1500828,1
1500887,1
1500928,1
1501126,1
1501194,1
1501196,1
1501267,1
1501312,1
1501325,1
1501328,1
1501562,1
1501635,2
1501786,1
1501808,1
1501897,1
1501901,1
1501942,1
1501994,1
1502007,1
1502071,1
1502086,1
1502106,1
1502109,1
1502208,1
1502218,1
1502377,1
1502442,1
1502516,1
1502531,1
1502541,1
1502643,1
1502675,1
1502713,1
1502752,1
1502822,1
1502835,1
1502842,1
1502883,1
1502932,1
1503043,1
1503095,1
1503101,1
1503123,1
1503136,1
1503139,1
1503332,1
1503344,1
1503369,1
1503370,1
1503449,1
1503475,1
1503645,1
1503748,1
1503753,1
1503769,1
1503770,1
1503827,1
1503923,1
1503933,1
1504010,1
1504055,1
1504105,1
1504118,1
1504157,1
1504170,1
1504282,1
1504291,1
1504336,1
1504390,1
1504397,1
1504474,1
1504487,1
1504496,1
1504506,1
1504560,1
1504691,1
1504707,1
1504717,1
1504765,1
1504845,1
1504966,1
1504973,1
1505008,1
1505030,1
1505088,1
1505130,1
1505184,1
1505203,2
1505302,1
1505309,1
1505341,1
1505388,1
1505392,1
1505418,1
1505511,1
1505536,1
1505542,1
1505565,1
1505670,1
1505821,1
1505827,1
1505853,1
1505984,1
1505994,1
1506025,1
1506179,1
1506214,1
1506227,1
1506250,1
1506272,1
1506294,1
1506339,1
1506375,1
1506394,1
1506429,1
1506477,1
1506509,1
1506551,1
1506579,1
1506644,1
1506678,2
1506691,1
1506759,1
1506845,1
1506982,1
1507018,1
1507046,1
1507059,1
1507091,1
1507124,1
1507133,1
1507187,1
1507206,1
1507321,1
1507392,1
1507417,1
1507481,1
1507501,1
1507510,1
1507516,1
1507540,2
1507597,1
1507626,1
1507722,1
1507779,1
1507888,1
1507933,1
1507972,1
1507990,1
1508055,1
1508090,1
1508124,1
1508138,1
1508147,1
1508176,1
1508256,1
1508265,1
1508285,1
1508288,1
1508301,1
1508348,1
1508349,1
1508361,1
1508365,1
1508374,1
1508432,1
1508503,1
1508554,1
1508611,1
1508660,1
1508765,1
1508778,1
1508822,1
1508874,1
1508899,1
1508935,1
1509043,1
1509101,1
1509107,1
1509162,1
1509187,1
1509213,1
1509236,1
1509277,1
1509283,1
1509388,1
1509485,1
1509501,1
1509504,1
1509590,1
1509728,1
1509740,2
1509763,1
1509766,1
1509783,1
1509901,1
1509910,1
1509917,1
1509926,1
1509997,1
1510009,1
1510029,1
1510144,1
1510189,1
1510217,1
1510240,1
1510246,2
1510269,1
1510304,1
1510381,1
1510394,1
1510397,2
1510422,1
1510441,1
1510474,1
1510499,1
1510528,1
1510538,1
1510553,1
1510572,1
1510573,2
1510579,1
1510643,1
1510711,1
1510743,1
1510787,1
1510883,1
1510906,1
1510931,1
1510950,1
1510963,1
1510992,1
1511050,1
1511072,1
1511127,1
1511136,1
1511152,1
1511181,1
1511254,1
1511376,1
1511405,1
1511411,1
1511417,1
1511466,1
1511510,1
1511514,1
1511532,1
1511543,1
1511564,1
1511718,1
1511808,1
1511815,1
1511837,1
1511888,1
1511949,1
1512032,1
1512048,1
1512064,1
1512269,1
1512297,1
1512311,1
1512336,1
1512387,1
1512499,1
1512579,1
1512583,1
1512729,1
1512780,1
1512813,1
1512816,1
1512829,1
1512873,1
1512889,1
1512893,1
1512969,1
1512992,1
1513005,1
1513063,1
1513091,1
1513140,1
1513187,1
1513197,1
1513200,1
1513226,1
1513229,1
1513238,1
1513363,2
1513399,1
1513520,2
1513568,1
1513607,1
1513651,1
1513657,1
1513671,1
1513680,1
1513801,1
1513824,2
1514022,1
1514061,1
1514119,1
1514125,2
1514202,1
1514221,1
1514237,1
1514266,1
1514343,1
1514371,1
1514448,1
1514544,1
1514592,1
1514653,1
1514698,1
1514720,1
1514727,1
1514749,1
1514784,1
1514794,1
1514806,1
1514842,1
1514874,1
1514890,1
1514896,1
1515021,1
1515027,1
1515069,1
1515133,1
1515139,1
1515207,1
1515226,1
1515229,1
1515280,1
1515328,1
1515332,2
1515396,1
1515447,1
1515450,1
1515558,1
1515722,1
1515763,1
1515808,1
1515814,1
1515948,1
1515981,1
1515993,1
1516029,1
1516035,1
1516045,1
1516061,1
1516160,1
1516163,1
1516211,1
1516230,2
1516237,1
1516324,1
1516407,1
1516413,1
1516419,1
1516426,1
1516464,1
1516515,1
1516528,1
1516569,1
1516637,1
1516675,1
1516704,1
1516710,1
1516874,1
1516890,2
1516963,1
1517091,1
1517191,1
1517238,1
1517287,1
1517350,1
1517424,1
1517431,1
1517478,1
1517597,1
1517661,1
1517712,1
1517715,1
1517805,1
1517884,1
1517897,1
1517907,1
1517943,1
1517949,1
1518023,1
1518224,1
1518346,1
1518419,1
1518467,1
1518496,1
1518557,1
1518605,1
1518643,1
1518646,1
1518730,1
1518845,1
1519059,1
1519069,1
1519236,1
1519315,1
1519392,1
1519424,1
1519436,1
1519597,1
1519648,1
1519741,1
1519860,1
1519974,1
1519977,1
1520022,1
1520048,1
1520134,1
1520150,1
1520291,1
1520595,1
1520614,1
1520650,1
1520720,1
1520951,2
1520953,1
1520969,1
1521082,1
1521222,1
1521427,1
1521437,1
1521709,1
1522090,1
1522147,1
1522173,1
1522265,1
1522339,1
1522441,1
1522515,1
1522563,1
1522800,1
1522841,1
1522842,1
1522970,1
1522979,1
1523066,1
1523334,1
1523415,1
1523792,1
1523834,1
1523914,1
1523942,1
1524118,1
1524256,1
1524339,1
1524388,1
1524432,1
1524768,1
1524880,1
1525008,1
1525152,1
1525229,1
1525244,1
1525376,1
1525590,1
1525612,1
1525840,1
1526663,1
1526941,1
1527107,1
1527556,1
1527875,1
1527907,1
1527930,1
1527939,1
1527958,1
1528211,1
1528416,1
1528452,1
1528596,1
1528973,1
1529225,1
1530985,1
1531014,1
1531056,1
1531852,1
1532077,1
1532256,1
1532297,1
1533728,1
1533977,1
1537318,1
1796381,1
1808777,1
1811239,1
1814650,1
1816080,1
1819437,1
1821011,1
1821421,1
1821639,1
1822807,1
1823850,1
1824176,1
1824192,1
1826311,1
1826996,1
1827971,1
1828157,1
1828713,1
1829261,1
1829686,1
1829804,1
1831370,1
1832064,1
1832493,1
1833251,1
1834055,1
1834310,1
1836035,1
1837456,1
1837539,1
1839399,1
1839686,1
1839852,1
1840467,1
1841609,1
1841812,1
1842016,1
1842496,1
1843286,1
1843693,1
1845197,1
1845286,1
1845530,1
1845875,1
1846019,1
1846714,1
1846771,1
1846983,1
1847558,1
1848115,1
1848246,1
1848381,1
1848384,1
1848480,1
1848743,1
1848880,1
1849072,1
1849568,1
1849779,1
1849910,1
1850313,1
1850931,1
1851066,1
1851379,1
1852180,1
1852186,1
1852919,1
1853037,1
1853354,1
1853440,1
1853446,1
1853494,1
1856147,1
1857004,1
1858765,1
1859165,1
1859354,1
1859725,1
1860323,1
1860342,1
1861575,1
1861981,1
1862233,1
1862275,1
1862756,1
1863018,1
1864092,1
1864240,1
1864640,1
1865024,1
1867290,1
1867968,1
1869901,1
1870640,1
1871143,1
1871635,1
1871869,1
1873261,1
1873287,1
1873865,1
1874374,1
1875830,1
1876394,1
1876636,1
1877248,1
1877891,1
1878467,1
1878528,1
1879859,1
1880300,1
1882390,1
1885180,1
1892240,1
1926259,1
1964064,1
1965280,1
1965536,1
1965901,1
1966428,1
1966944,1
1967156,1
1967414,1
1968899,1
1969139,1
1969395,1
1970864,1
1970887,1
1971238,1
1971686,1
1971712,1
1972243,1
1973293,1
1974496,1
1974695,1
1974820,1
1975373,1
1977559,1
1978352,1
1978890,1
1980762,1
1981421,1
1981837,1
1981891,1
1982131,1
1982916,1
1984563,1
1984800,1
1985910,1
1987523,1
1987536,1
1987862,1
1988185,1
1990804,1
1990924,1
1991132,1
1991351,1
1991488,1
1992057,1
1994288,1
1996160,1
1997002,1
2000326,1
2001520,1
2004976,1
