5881,1
252666,1
852630,1
974554,1
974668,1
974787,1
975011,1
975284,1
975894,1
976022,1
976099,1
976224,1
976291,1
976438,1
976454,1
976762,1
977050,1
977481,1
977635,2
977779,1
977833,1
977865,1
978016,1
978067,1
978071,1
978164,1
978243,1
978332,1
978544,2
978624,1
978672,1
978691,1
978765,1
978793,1
978812,1
978816,1
978829,1
978835,1
978838,1
978864,1
978892,1
979027,1
979178,1
979232,1
979245,1
979347,1
979353,1
979367,1
979433,1
979568,1
979606,1
979702,1
979725,1
979760,1
979783,1
979831,1
979852,1
980045,1
980048,1
980083,1
980099,1
980116,1
980196,1
980259,1
980265,1
980288,1
980297,1
980378,1
980538,1
980547,1
980582,1
980595,1
980634,1
980669,1
980710,1
980800,1
980868,1
980921,1
981005,1
981078,1
981081,1
981194,1
981207,1
981280,1
981373,1
981453,1
981600,1
981709,1
981744,1
981837,1
981888,1
981924,1
981933,1
981972,1
982039,1
982061,1
982071,1
982131,1
982150,1
982188,1
982204,1
982224,1
982231,1
982234,1
982265,1
982291,1
982313,1
982316,1
982342,1
982457,1
982470,1
982502,1
982506,2
982611,1
982614,1
982762,1
982813,1
982858,1
982925,1
982976,1
983011,2
983124,1
983165,1
983222,1
983241,1
983248,1
983431,1
983460,1
983523,1
983552,1
983562,1
983769,1
983821,1
983824,2
983827,1
983875,1
983904,1
983952,1
984042,1
984061,1
984064,1
984080,1
984201,1
984202,1
984224,1
984230,1
984240,1
984298,1
984336,1
984397,1
984457,1
984554,1
984582,1
984588,1
984903,1
984938,1
985033,1
985066,1
985223,1
985334,1
985344,1
985481,2
985488,1
985507,1
985593,1
985683,1
985843,1
985872,1
985955,1
985958,1
985987,1
986128,1
986135,1
986192,1
986205,1
986237,1
986266,1
986333,1
986362,1
986438,1
986464,1
986474,1
986528,1
986534,1
986582,1
986691,1
986733,1
986778,1
986794,1
986832,1
986835,1
986851,1
986855,1
986870,1
986880,1
986922,1
986982,1
986986,1
987018,1
987043,1
987149,1
987204,1
987331,1
987363,1
987399,1
987463,1
987610,1
987654,1
987693,1
987709,1
987725,1
987875,1
987901,1
987920,1
987936,1
987959,1
987972,1
987980,1
988006,1
988010,1
988013,1
988038,1
988131,1
988176,1
988179,1
988195,1
988346,1
988362,1
988416,1
988441,1
988544,1
988550,1
988569,1
988598,1
988618,1
988656,1
988723,1
988796,1
988883,1
988896,1
988947,1
988989,1
989053,1
989062,1
989066,1
989085,1
989146,1
989158,1
989180,1
989235,1
989293,1
989443,1
989501,1
989542,1
989690,1
989722,1
989732,1
989786,1
989801,1
989821,1
989933,1
989990,1
989993,1
990003,1
990057,1
990073,1
990147,1
990160,1
990211,1
990221,2
990246,1
990269,1
990457,1
990508,1
990573,1
990688,1
990784,1
991133,1
991229,1
991236,1
991242,1
991251,1
991286,1
991366,1
991411,1
991434,1
991479,1
991481,1
991555,1
991558,1
991559,1
991584,1
991738,1
991757,1
991770,1
991776,1
991779,1
991798,1
991834,1
991840,1
991878,1
991946,1
991968,1
992010,1
992089,1
992208,1
992228,1
992281,1
992288,1
992464,1
992471,1
992557,2
992666,1
992796,1
992835,1
992950,2
992972,1
992976,1
993008,1
993123,1
993159,1
993318,1
993383,1
993501,1
993532,1
993542,1
993578,1
993603,1
993674,1
993766,1
993882,1
993895,1
993946,1
993994,1
994054,1
994073,1
994074,1
994211,1
994413,1
994605,1
994634,1
994637,1
994736,1
994784,1
994794,1
994909,1
994957,1
995059,1
995085,1
995107,1
995123,1
995184,1
995248,1
995289,1
995331,1
995337,1
995396,1
995504,1
995546,1
995622,1
995722,1
995760,1
995770,1
995782,1
995788,1
995798,1
995843,1
995913,1
995962,1
996035,1
996067,1
996102,1
996140,1
996154,1
996291,2
996297,1
996374,1
996397,1
996493,1
996643,1
996685,1
996720,1
996762,1
996810,1
996867,1
996925,1
996950,1
997076,1
997101,1
997116,1
997184,1
997305,1
997344,1
997536,2
997587,1
997687,1
997724,1
997779,1
997859,1
997885,1
997924,1
997933,1
997943,1
997952,1
997980,1
998077,1
998160,1
998211,1
998244,1
998282,2
998329,1
998339,1
998391,1
998396,1
998423,1
998435,1
998506,1
998550,1
998560,1
998614,1
998621,2
998624,1
998630,1
998647,1
998653,1
998816,2
998893,1
998934,1
998938,1
999056,1
999065,1
999075,1
999085,1
999098,1
999110,1
999174,1
999200,1
999312,1
999331,1
999344,1
999466,1
999539,1
999572,1
999574,1
999600,1
999706,1
999767,1
999805,1
999827,1
999847,1
999853,1
999868,1
999898,1
999904,1
1000029,1
1000106,1
1000125,1
1000137,1
1000189,1
1000198,1
1000211,1
1000217,1
1000253,1
1000262,1
1000279,1
1000294,1
1000301,1
1000349,1
1000352,1
1000457,1
1000503,1
1000544,1
1000586,1
1000602,1
1000685,1
1000691,1
1000809,1
1000855,1
1000982,1
1000995,1
1001091,1
1001110,1
1001130,1
1001216,1
1001258,1
1001287,1
1001331,1
1001434,1
1001475,1
1001494,1
1001584,2
1001686,1
1001740,1
1001802,1
1001882,1
1001885,1
1001913,1
1001920,1
1002003,1
1002016,1
1002035,2
1002115,1
1002125,1
1002160,1
1002227,1
1002243,1
1002247,1
1002253,1
1002256,1
1002288,1
1002294,1
1002307,1
1002326,1
1002378,1
1002406,1
1002474,1
1002528,1
1002547,1
1002550,1
1002557,1
1002611,1
1002646,1
1002647,1
1002681,1
1002713,1
1002842,1
1002848,1
1002870,1
1002877,1
1002883,1
1002963,1
1002979,1
1003075,1
1003117,1
1003130,1
1003136,1
1003143,1
1003162,1
1003255,1
1003257,1
1003261,1
1003274,1
1003280,1
1003286,1
1003325,1
1003360,1
1003370,1
1003379,1
1003444,1
1003453,1
1003460,2
1003485,1
1003488,1
1003491,1
1003498,1
1003523,1
1003530,1
1003533,1
1003577,2
1003600,1
1003622,1
1003632,1
1003696,1
1003737,1
1003757,1
1003859,1
1003860,1
1003862,1
1003956,1
1004004,1
1004019,1
1004032,1
1004224,1
1004250,1
1004256,1
1004304,1
1004343,1
1004368,1
1004521,1
1004566,1
1004589,1
1004634,1
1004640,1
1004665,1
1004669,1
1004692,1
1004716,1
1004765,1
1004813,1
1004819,1
1004877,1
1004905,1
1004909,1
1004956,1
1004995,1
1005005,1
1005024,1
1005059,1
1005127,1
1005149,1
1005152,1
1005158,1
1005165,1
1005220,1
1005228,1
1005299,1
1005324,1
1005354,1
1005363,1
1005379,1
1005382,1
1005485,1
1005488,1
1005542,1
1005558,2
1005565,1
1005607,1
1005668,1
1005703,1
1005705,1
1005712,1
1005724,1
1005757,1
1005776,1
1005827,1
1005834,1
1005856,1
1005875,1
1005901,1
1005917,1
1005926,1
1005930,1
1005933,1
1005939,1
1005942,1
1005978,1
1006023,1
1006141,1
1006198,1
1006265,1
1006275,1
1006310,1
1006330,1
1006390,1
1006422,1
1006451,1
1006512,1
1006516,1
1006518,1
1006537,1
1006614,1
1006617,1
1006659,2
1006665,1
1006666,1
1006669,1
1006672,1
1006688,1
1006710,1
1006819,1
1006844,1
1006848,1
1006909,1
1006912,1
1006947,1
1006989,1
1007046,1
1007049,1
1007050,1
1007053,1
1007059,1
1007094,1
1007117,1
1007299,1
1007306,1
1007321,1
1007347,1
1007354,1
1007379,1
1007396,1
1007440,1
1007447,1
1007449,1
1007488,1
1007507,1
1007527,1
1007578,1
1007584,1
1007603,1
1007664,1
1007731,1
1007751,1
1007760,1
1007767,1
1007789,1
1007808,1
1007814,1
1007815,1
1007865,1
1007888,1
1007920,1
1007924,1
1007929,1
1007955,1
1007958,1
1007984,1
1007997,1
1008064,1
1008106,1
1008166,1
1008291,1
1008308,1
1008348,1
1008371,1
1008400,1
1008489,1
1008493,1
1008535,1
1008540,1
1008566,1
1008633,1
1008669,1
1008672,1
1008676,1
1008688,1
1008729,1
1008758,1
1008774,1
1008777,1
1008809,1
1008816,1
1008823,1
1008870,1
1008883,1
1008953,1
1008957,1
1008995,1
1009046,1
1009059,1
1009081,1
1009091,1
1009145,1
1009161,1
1009175,1
1009197,1
1009232,1
1009241,1
1009255,1
1009257,1
1009273,1
1009296,1
1009318,1
1009319,1
1009322,1
1009334,1
1009338,1
1009379,1
1009405,1
1009417,1
1009478,1
1009485,1
1009572,1
1009603,1
1009626,1
1009683,1
1009718,1
1009734,1
1009782,1
1009859,1
1009863,1
1009911,1
1009930,1
1009942,1
1009994,1
1010016,1
1010074,1
1010080,1
1010093,1
1010119,1
1010138,1
1010157,1
1010192,1
1010212,1
1010218,1
1010250,1
1010266,1
1010362,1
1010378,1
1010429,1
1010474,1
1010503,1
1010515,1
1010521,1
1010557,1
1010566,1
1010570,1
1010592,1
1010634,1
1010717,1
1010730,1
1010745,1
1010771,1
1010854,1
1010860,1
1010870,1
1010876,1
1010880,1
1010951,1
1010960,1
1010983,1
1010986,1
1011011,1
1011078,1
1011082,1
1011127,1
1011139,1
1011213,1
1011222,1
1011229,1
1011264,1
1011290,2
1011308,1
1011318,1
1011325,1
1011351,1
1011360,1
1011408,1
1011513,1
1011526,1
1011543,1
1011549,1
1011552,1
1011568,1
1011639,1
1011693,1
1011709,1
1011719,1
1011753,1
1011760,1
1011770,1
1011786,1
1011789,1
1011812,1
1011952,1
1012009,1
1012035,1
1012080,1
1012124,1
1012131,1
1012163,1
1012205,1
1012217,1
1012266,1
1012288,1
1012291,1
1012298,1
1012330,1
1012333,1
1012346,1
1012378,1
1012400,1
1012416,1
1012461,1
1012483,1
1012496,1
1012528,1
1012534,1
1012554,1
1012608,2
1012679,1
1012743,1
1012746,1
1012768,1
1012775,2
1012822,1
1012868,1
1012884,1
1012889,1
1012903,1
1012909,1
1012918,1
1012947,1
1012956,1
1013011,1
1013034,1
1013050,1
1013056,1
1013075,1
1013082,1
1013146,1
1013181,1
1013190,1
1013232,1
1013258,2
1013267,1
1013273,1
1013283,1
1013296,1
1013319,1
1013341,2
1013351,1
1013380,1
1013382,1
1013385,1
1013440,1
1013456,1
1013472,1
1013475,1
1013514,1
1013524,1
1013540,1
1013559,1
1013578,1
1013584,1
1013613,2
1013655,1
1013661,1
1013680,1
1013693,1
1013696,1
1013738,1
1013792,1
1013818,1
1013837,1
1013939,1
1013955,1
1013961,1
1013962,1
1013975,1
1013988,1
1013993,1
1013994,1
1013997,1
1014029,1
1014032,1
1014035,1
1014048,1
1014096,1
1014102,1
1014128,1
1014137,1
1014151,1
1014153,1
1014163,1
1014170,1
1014234,1
1014256,1
1014330,1
1014355,1
1014365,1
1014368,1
1014374,1
1014406,1
1014410,1
1014413,1
1014429,1
1014441,1
1014451,1
1014480,1
1014502,1
1014506,1
1014528,1
1014556,1
1014612,1
1014618,1
1014669,1
1014720,1
1014813,1
1014819,1
1014873,1
1014896,1
1014922,1
1014941,1
1014947,1
1014969,1
1015043,1
1015050,1
1015063,1
1015068,1
1015110,1
1015146,1
1015159,1
1015162,1
1015181,1
1015213,1
1015222,2
1015232,1
1015242,1
1015245,1
1015373,1
1015379,1
1015408,1
1015421,1
1015452,1
1015482,1
1015513,1
1015549,1
1015597,1
1015606,1
1015635,1
1015680,1
1015683,1
1015693,1
1015705,1
1015718,1
1015728,1
1015795,1
1015801,1
1015805,1
1015828,1
1015834,1
1015869,1
1015888,1
1015891,2
1015914,1
1015930,2
1016000,1
1016035,1
1016083,1
1016109,1
1016141,1
1016202,1
1016304,1
1016317,1
1016349,1
1016355,1
1016374,1
1016381,1
1016390,1
1016407,1
1016416,1
1016442,1
1016473,1
1016476,1
1016515,1
1016535,1
1016547,2
1016560,1
1016637,1
1016640,1
1016643,1
1016650,1
1016672,1
1016697,1
1016707,1
1016787,1
1016803,1
1016825,1
1016826,1
1016887,1
1016957,1
1016963,1
1016992,1
1017021,1
1017052,1
1017056,1
1017066,1
1017069,1
1017104,1
1017111,1
1017142,1
1017143,1
1017181,1
1017197,1
1017213,1
1017223,1
1017242,1
1017306,1
1017372,2
1017373,1
1017376,1
1017392,1
1017411,1
1017440,1
1017472,1
1017488,1
1017513,1
1017536,2
1017571,1
1017578,1
1017604,1
1017613,1
1017645,1
1017661,1
1017724,1
1017808,1
1017846,1
1017863,1
1017927,1
1017964,1
1018074,2
1018093,1
1018138,1
1018140,1
1018195,1
1018281,1
1018288,1
1018381,1
1018393,1
1018400,1
1018403,1
1018442,1
1018457,1
1018483,1
1018522,1
1018550,1
1018569,1
1018611,1
1018656,1
1018685,1
1018787,1
1018848,1
1018861,1
1018924,1
1018925,1
1018953,1
1018957,1
1018960,1
1018964,1
1019008,1
1019046,1
1019050,1
1019059,1
1019126,1
1019133,1
1019171,1
1019174,1
1019178,1
1019200,1
1019287,1
1019309,1
1019350,1
1019367,1
1019392,1
1019401,1
1019420,1
1019504,1
1019530,1
1019594,1
1019635,1
1019760,1
1019796,1
1019805,1
1019815,1
1019853,1
1019872,1
1019901,1
1019920,2
1019923,1
1019978,1
1019997,1
1020016,1
1020044,1
1020051,2
1020061,1
1020086,1
1020093,1
1020099,1
1020151,1
1020202,1
1020205,1
1020240,1
1020272,1
1020358,1
1020381,2
1020384,1
1020425,1
1020461,1
1020493,1
1020563,1
1020653,1
1020672,1
1020790,2
1020854,1
1020899,2
1020960,1
1020979,1
1021092,1
1021155,1
1021161,1
1021168,1
1021184,1
1021206,1
1021207,1
1021222,1
1021251,1
1021258,1
1021270,1
1021276,1
1021399,1
1021460,1
1021501,1
1021523,1
1021555,2
1021581,1
1021632,1
1021635,1
1021642,1
1021690,1
1021693,1
1021764,1
1021834,1
1021904,1
1021930,1
1021945,1
1021952,1
1021955,1
1021956,1
1022013,1
1022093,1
1022102,1
1022304,1
1022355,1
1022384,1
1022394,1
1022416,1
1022522,1
1022547,1
1022576,1
1022588,1
1022605,1
1022620,1
1022636,1
1022679,1
1022713,1
1022800,1
1022912,1
1022928,2
1022951,1
1022960,1
1023011,1
1023079,1
1023091,1
1023098,1
1023164,1
1023248,1
1023293,1
1023431,1
1023462,1
1023463,1
1023469,1
1023539,1
1023542,1
1023562,1
1023687,1
1023715,1
1023738,1
1023776,1
1023779,1
1023844,2
1023856,1
1023863,1
1023897,1
1023965,1
1024058,1
1024083,1
1024086,1
1024230,1
1024317,1
1024320,1
1024358,1
1024423,1
1024509,1
1024528,1
1024704,1
1024727,1
1024768,1
1024813,1
1024845,1
1024948,1
1024954,1
1024969,1
1025049,1
1025107,1
1025120,1
1025280,1
1025366,1
1025427,1
1025466,1
1025673,1
1025773,1
1025827,1
1025860,1
1025904,2
1026189,1
1026307,1
1026317,1
1026448,1
1026663,1
1026775,1
1026967,1
1027018,1
1027065,1
1027120,1
1027331,1
1027488,1
1027536,1
1027559,1
1027591,1
1027594,1
1027616,1
1027623,1
1027696,1
1027856,1
1027859,1
1027901,1
1027914,1
1027961,1
1027964,1
1027984,1
1028131,1
1028141,1
1028234,1
1028240,1
1028253,1
1028343,1
1028355,1
1028400,2
1028429,1
1028474,1
1028570,1
1028627,2
1028919,1
1028934,1
1029053,1
1029075,1
1029092,1
1029357,1
1029436,1
1029443,1
1029491,1
1029593,1
1029604,1
1029725,1
1029734,1
1029782,1
1029799,1
1029923,1
1029981,1
1029997,1
1030013,1
1030028,1
1030173,1
1030198,1
1030262,1
1030300,1
1030448,1
1030461,1
1030502,1
1030531,1
1030637,1
1030678,1
1030771,1
1030816,1
1030877,1
1030998,1
1031005,1
1031040,1
1031066,1
1031110,1
1031149,1
1031193,1
1031254,1
1031267,1
1031312,1
1031344,1
1031478,1
1031500,1
1031559,1
1031581,1
1031603,1
1031644,1
1031747,1
1031875,1
1032109,1
1032186,1
1032324,1
1032355,1
1032435,1
1032471,1
1032570,1
1032675,1
1032682,1
1032697,1
1032848,1
1032851,1
1032951,1
1032998,1
1033018,1
1033180,1
1033254,1
1033273,1
1033277,1
1033306,1
1033338,1
1033370,1
1033398,1
1033404,1
1033469,1
1033511,1
1033590,1
1033670,1
1033853,1
1033875,1
1033984,1
1034048,1
1034105,1
1034186,1
1034212,1
1034221,1
1034250,1
1034263,1
1034278,1
1034359,1
1034423,1
1034439,1
1034477,1
1034579,1
1034580,1
1034588,1
1034669,1
1034694,1
1034711,1
1034717,1
1034835,1
1034912,1
1035034,1
1035174,1
1035194,1
1035200,1
1035210,1
1035216,1
1035363,1
1035376,1
1035395,1
1035401,1
1035424,1
1035434,1
1035462,1
1035472,1
1035527,1
1035543,1
1035571,1
1035572,1
1035600,1
1035767,1
1035776,1
1035811,1
1035892,1
1035900,1
1035939,1
1035959,1
1035977,1
1036016,2
1036032,1
1036150,1
1036153,1
1036234,1
1036285,1
1036413,1
1036502,1
1036515,1
1036537,1
1036605,1
1036653,1
1036848,1
1036925,1
1037056,1
1037085,1
1037190,1
1037287,1
1037353,1
1037363,1
1037434,1
1037440,1
1037446,1
1037536,1
1037638,1
1037722,1
1037744,1
1037907,1
1038004,1
1038217,1
1038295,1
1038391,1
1038461,1
1038553,1
1038614,1
1038621,1
1038672,1
1038764,1
1038867,1
1038884,1
1038960,1
1038985,1
1038995,1
1039196,1
1039315,1
1039322,1
1039376,1
1039395,1
1039411,1
1039420,1
1039430,1
1039459,1
1039639,1
1039696,1
1039728,1
1039779,1
1039786,1
1039789,1
1039814,1
1039907,1
1039942,1
1039949,1
1039977,1
1040102,1
1040131,1
1040157,1
1040320,1
1040377,1
1040403,1
1040457,1
1040515,1
1040573,1
1040678,1
1040746,1
1040752,1
1040778,1
1040826,1
1040851,1
1040921,1
1040925,1
1040937,1
1041001,1
1041031,1
1041047,1
1041075,1
1041117,1
1041130,1
1041264,1
1041360,1
1041446,1
1041494,1
1041629,1
1041674,1
1041767,1
1041805,1
1041865,1
1041869,1
1041920,1
1041949,1
1042102,1
1042154,1
1042227,1
1042439,1
1042592,2
1042630,1
1042995,1
1043053,1
1043181,1
1043222,1
1043225,1
1043321,1
1043543,1
1043600,1
1043792,1
1043802,1
1043830,2
1043926,1
1044009,1
1044205,1
1044307,1
1044317,1
1044371,1
1044612,1
1044772,1
1044790,1
1044909,1
1044931,1
1045110,1
1045286,1
1045418,1
1045676,1
1046019,1
1046192,1
1046284,1
1046451,1
1046570,1
1047341,1
1047488,1
1047642,1
1048089,1
1048371,1
1048736,1
1048800,1
1049398,1
1050445,1
1058996,1
1079398,1
1080125,1
1080332,1
1080387,1
1080656,1
1081187,1
1081255,1
1081270,1
1081754,1
1081789,1
1081859,1
1081863,1
1082009,1
1082343,1
1082688,1
1082771,1
1082781,1
1082871,1
1082887,1
1082918,1
1083120,1
1083123,1
1083136,1
1083315,1
1083344,1
1083364,1
1083370,1
1083402,1
1083545,1
1083632,1
1083840,1
1083869,1
1083881,1
1083888,1
1083908,1
1083968,1
1084163,1
1084170,1
1084186,1
1084201,1
1084224,1
1084247,1
1084252,1
1084275,1
1084448,1
1084454,1
1084506,1
1084688,1
1084787,1
1084838,1
1084957,1
1084960,1
1085005,1
1085015,1
1085034,1
1085136,1
1085158,1
1085200,1
1085328,1
1085341,1
1085357,1
1085476,1
1085482,1
1085485,1
1085530,1
1085613,1
1085626,1
1085719,1
1085738,1
1085785,1
1085879,1
1085885,1
1085952,1
1085987,1
1086000,1
1086054,1
1086064,1
1086070,1
1086121,1
1086141,1
1086147,1
1086151,1
1086160,1
1086301,1
1086320,1
1086336,1
1086339,1
1086349,1
1086365,1
1086368,1
1086371,1
1086426,1
1086487,1
1086595,1
1086653,1
1086656,1
1086668,1
1086675,1
1086755,1
1086890,1
1086944,1
1086950,1
1086956,1
1086982,1
1087005,1
1087033,1
1087037,1
1087060,1
1087101,1
1087133,1
1087145,1
1087165,1
1087177,1
1087200,1
1087254,1
1087319,1
1087324,1
1087479,1
1087491,1
1087562,1
1087588,1
1087594,1
1087652,1
1087677,1
1087721,1
1087724,1
1087811,1
1087820,1
1087888,1
1087894,1
1087949,1
1087965,1
1087968,1
1087978,1
1087987,1
1087990,1
1088036,1
1088051,1
1088099,1
1088102,1
1088116,1
1088125,1
1088134,1
1088135,1
1088154,1
1088208,1
1088221,1
1088281,1
1088291,1
1088307,1
1088368,1
1088397,1
1088426,1
1088470,1
1088473,1
1088502,1
1088515,2
1088525,1
1088537,1
1088576,1
1088608,1
1088617,1
1088624,1
1088637,1
1088675,1
1088710,2
1088765,1
1088794,1
1088842,1
1088861,1
1088880,1
1088912,1
1088934,1
1089088,1
1089113,1
1089130,1
1089181,1
1089200,1
1089232,1
1089308,1
1089318,1
1089382,1
1089411,1
1089414,1
1089497,1
1089507,1
1089530,1
1089565,1
1089600,1
1089677,1
1089754,1
1089760,1
1089770,1
1089836,1
1089917,1
1089965,1
1090013,1
1090058,1
1090061,1
1090067,1
1090138,1
1090160,1
1090211,1
1090217,1
1090231,2
1090285,1
1090298,1
1090346,1
1090349,1
1090435,1
1090452,1
1090468,1
1090477,1
1090566,1
1090579,1
1090647,1
1090717,1
1090749,1
1090764,1
1090765,1
1090823,1
1090825,1
1090851,1
1090871,1
1090889,1
1090925,1
1090947,1
1090986,1
1091012,1
1091040,1
1091062,1
1091069,1
1091094,1
1091107,1
1091245,1
1091248,1
1091289,1
1091309,1
1091340,1
1091386,1
1091389,1
1091405,1
1091418,1
1091440,1
1091488,1
1091510,1
1091511,1
1091520,1
1091568,1
1091581,1
1091740,1
1091748,1
1091750,1
1091805,1
1091808,1
1091820,1
1091821,1
1091834,1
1091843,1
1091846,1
1091875,1
1091898,1
1091904,2
1091907,1
1091945,1
1092003,1
1092150,1
1092179,1
1092211,2
1092230,1
1092266,1
1092272,1
1092308,1
1092339,1
1092406,1
1092445,1
1092592,1
1092700,1
1092727,1
1092730,1
1092733,1
1092768,1
1092835,1
1092854,1
1092861,1
1092867,1
1092871,1
1092877,1
1092893,1
1092909,1
1092992,1
1093049,1
1093075,1
1093104,1
1093113,1
1093136,2
1093142,1
1093175,1
1093206,1
1093216,1
1093241,1
1093245,2
1093344,1
1093408,1
1093415,1
1093434,1
1093491,1
1093555,1
1093558,1
1093577,1
1093600,1
1093613,1
1093702,1
1093735,1
1093811,1
1093830,1
1093831,1
1093833,1
1093888,1
1093898,1
1093900,1
1093901,1
1093936,1
1093997,1
1094058,1
1094067,1
1094141,1
1094150,1
1094151,1
1094166,1
1094256,1
1094278,1
1094291,1
1094377,1
1094409,1
1094435,1
1094512,1
1094521,1
1094567,1
1094576,1
1094614,1
1094668,1
1094675,1
1094681,1
1094775,1
1094807,1
1094931,1
1094954,1
1094983,1
1095056,1
1095082,1
1095107,1
1095133,1
1095136,1
1095155,2
1095203,1
1095254,1
1095363,1
1095369,1
1095421,1
1095475,1
1095479,1
1095603,1
1095612,1
1095628,1
1095644,1
1095654,1
1095667,1
1095696,1
1095744,1
1095747,1
1095750,1
1095757,1
1095766,1
1095773,1
1095792,1
1095821,1
1095933,1
1095965,1
1096122,1
1096125,1
1096131,1
1096176,1
1096186,1
1096220,2
1096247,1
1096256,1
1096265,1
1096384,1
1096396,1
1096531,1
1096612,1
1096618,1
1096656,1
1096707,1
1096742,1
1096752,1
1096826,1
1096835,1
1096864,1
1096868,1
1096880,1
1096886,1
1096970,1
1096992,1
1097049,1
1097110,1
1097156,1
1097200,1
1097210,1
1097245,1
1097283,1
1097293,1
1097309,1
1097353,1
1097372,1
1097379,1
1097386,1
1097405,1
1097462,1
1097485,1
1097577,1
1097597,1
1097616,1
1097754,1
1097782,1
1097927,1
1098067,1
1098330,1
1098362,1
1098397,1
1098435,1
1098464,1
1098604,1
1098617,1
1098695,1
1098752,1
1098810,1
1098861,1
1098877,1
1098928,1
1098934,1
1098935,1
1098937,1
1098941,1
1099034,1
1099108,1
1099126,1
1099174,1
1099232,1
1099241,1
1099300,1
1099453,1
1099456,1
1099753,1
1099837,1
1100073,1
1100125,1
1100160,1
1100221,1
1100279,1
1100307,1
1100483,1
1100604,1
1100663,1
1100675,1
1100803,1
1100819,1
1100867,1
1100954,1
1101012,1
1101120,1
1101437,1
1101520,1
1101712,1
1101901,1
1102044,1
1102083,1
1102141,1
1102205,1
1102320,1
1102531,1
1102784,1
1102918,1
1103031,1
1103117,1
1103267,1
1103508,1
1103571,1
1103593,1
1103604,1
1103632,1
1103792,1
1103844,1
1103888,1
1104647,1
1104746,1
1104774,1
1105033,1
1105120,1
1105133,1
1105351,1
1105629,1
1105651,1
1105734,1
1105789,1
1105849,1
1105884,1
1105914,1
1105933,1
1105936,1
1106006,1
1106048,1
1106106,1
1106157,1
1106166,1
1106179,1
1106180,1
1106211,1
1106240,1
1106262,1
1106473,1
1106519,1
1106566,1
1106598,1
1106617,1
1106660,1
1106771,1
1106787,1
1106954,1
1106986,1
1107081,1
1107206,1
1107210,1
1107338,1
1107347,1
1107475,1
1107543,1
1107625,1
1107811,2
1107879,1
1107888,1
1107907,1
1108029,1
1108160,1
1108167,1
1108195,1
1108198,1
1108237,1
1108266,1
1108276,1
1108297,1
1108307,1
1108327,1
1108340,1
1108355,1
1108359,1
1108374,1
1108406,1
1108413,1
1108461,1
1108509,1
1108563,1
1108576,1
1108580,1
1108618,1
1108624,1
1108681,1
1108692,1
1108704,1
1108764,1
1108867,1
1108979,1
1108989,1
1109011,1
1109018,1
1109053,1
1109129,1
1109142,1
1109223,1
1109238,1
1109257,1
1109331,1
1109350,1
1109376,1
1109501,1
1109604,1
1109609,1
1109632,1
1109683,1
1109735,1
1109741,1
1109754,1
1109830,1
1109885,1
1109888,1
1110064,1
1110105,1
1110150,1
1110205,1
1110240,1
1110259,1
1110313,1
1110345,1
1110455,1
1110471,1
1110496,1
1110563,1
1110567,1
1110634,1
1110666,1
1110716,1
1110739,1
1110749,1
1110755,1
1110761,1
1110771,1
1110807,1
1110819,1
1110832,1
1110918,1
1110928,1
1110944,1
1111011,1
1111024,1
1111120,1
1111139,1
1111200,1
1111206,1
1111251,1
1111264,1
1111312,1
1111341,1
1111350,1
1111392,1
1111395,1
1111398,1
1111405,1
1111465,1
1111517,1
1111526,1
1111558,1
1111671,1
1111722,1
1111734,1
1111820,1
1111824,1
1111863,1
1111897,1
1111943,1
1111975,1
1111977,1
1111984,1
1112020,1
1112067,1
1112090,1
1112093,1
1112102,1
1112135,1
1112153,1
1112211,1
1112256,1
1112281,1
1112317,1
1112355,1
1112416,1
1112425,1
1112432,1
1112435,1
1112515,1
1112521,1
1112541,1
1112544,1
1112748,1
1112758,1
1112771,1
1112868,1
1112886,1
1112918,1
1112986,1
1112989,1
1113050,1
1113120,1
1113155,1
1113222,1
1113283,1
1113388,1
1113402,1
1113404,1
1113411,1
1113491,1
1113495,1
1113607,1
1113648,1
1113760,1
1113776,1
1113820,1
1113834,1
1113872,2
1113875,1
1113930,1
1114003,2
1114009,1
1114029,1
1114131,1
1114173,1
1114198,1
1114214,1
1114230,1
1114259,1
1114288,1
1114381,1
1114409,1
1114432,1
1114464,2
1114480,1
1114502,1
1114503,1
1114528,1
1114576,1
1114633,1
1114637,1
1114640,1
1114644,1
1114647,1
1114659,1
1114784,1
1114842,1
1114873,1
1114892,1
1114918,1
1114944,1
1114954,1
1114963,1
1114979,1
1115005,1
1115024,1
1115033,1
1115037,1
1115149,1
1115180,1
1115223,1
1115287,1
1115350,1
1115373,1
1115376,1
1115382,1
1115386,1
1115408,1
1115414,1
1115418,1
1115443,1
1115456,1
1115504,1
1115526,1
1115587,1
1115625,1
1115628,1
1115645,1
1115699,1
1115718,1
1115731,1
1115738,1
1115808,1
1115824,1
1115891,1
1115892,1
1115904,1
1115917,1
1115924,1
1115945,1
1115958,1
1116048,1
1116064,1
1116089,1
1116112,1
1116182,1
1116236,1
1116237,1
1116253,1
1116272,1
1116329,1
1116349,1
1116352,1
1116362,1
1116374,1
1116441,1
1116451,1
1116464,1
1116489,1
1116490,1
1116521,1
1116528,1
1116560,1
1116563,1
1116634,1
1116637,1
1116650,1
1116672,1
1116675,1
1116685,1
1116697,1
1116711,1
1116736,1
1116791,1
1116823,1
1116832,1
1116924,1
1116951,1
1116963,1
1117024,1
1117065,1
1117072,1
1117078,1
1117114,1
1117216,1
1117245,1
1117277,1
1117321,1
1117322,1
1117347,1
1117350,2
1117399,1
1117556,1
1117562,1
1117623,1
1117664,1
1117671,1
1117676,1
1117680,1
1117683,1
1117690,1
1117699,1
1117709,1
1117830,1
1117840,1
1117895,1
1117910,1
1117917,1
1117936,1
1118023,1
1118061,1
1118071,1
1118073,1
1118109,1
1118115,1
1118135,1
1118169,1
1118297,1
1118310,1
1118352,2
1118439,1
1118483,1
1118586,1
1118595,1
1118618,1
1118669,1
1118758,1
1118762,1
1118778,1
1118784,1
1118826,1
1118874,1
1118893,1
1118922,1
1118928,1
1118931,1
1118985,1
1119100,1
1119114,1
1119184,1
1119190,1
1119270,1
1119334,1
1119338,1
1119344,1
1119347,1
1119350,1
1119353,1
1119382,1
1119401,1
1119484,1
1119574,1
1119578,2
1119593,1
1119597,1
1119664,2
1119763,1
1119894,1
1119920,1
1119971,1
1120035,1
1120106,1
1120109,1
1120256,1
1120404,1
1120413,1
1120451,1
1120675,1
1120723,1
1120733,1
1120740,1
1120752,1
1120887,1
1120915,1
1120954,1
1121027,1
1121046,1
1121120,1
1121148,1
1121171,2
1121174,1
1121207,1
1121245,1
1121315,1
1121344,1
1121347,1
1121350,1
1121568,1
1121581,1
1121696,1
1121785,1
1121863,1
1121879,1
1121888,1
1121898,1
1121984,1
1122106,1
1122406,1
1122544,1
1122576,1
1122656,1
1122704,1
1122780,1
1122788,1
1122790,1
1122806,1
1122820,1
1122944,1
1123114,1
1123216,1
1123312,1
1123405,1
1123504,1
1123572,1
1123693,1
1123747,1
1123894,1
1123927,1
1123943,1
1124339,1
1124467,1
1124765,1
1124810,1
1124921,1
1124972,1
1124992,1
1125216,1
1125274,1
1125504,1
1125645,1
1125667,1
1126624,1
1126941,1
1126960,1
1129888,1
1131072,1
1136147,1
1289450,1
1289709,1
1290947,1
1292432,1
1292614,1
1292694,1
1293533,1
1295348,1
1296105,1
1297046,1
1297677,1
1298074,1
1298400,1
1299555,1
1299580,1
1299706,1
1300582,1
1300864,1
1302077,1
1303200,1
1304253,1
1304736,1
1305785,1
1305913,1
1306384,1
1306650,1
1306701,1
1307402,1
1307997,1
1308813,1
1308835,1
1308931,1
1309066,1
1310029,1
1311155,1
1311658,1
1311984,1
1313811,1
1314515,1
1314528,1
1315139,1
1315331,1
1315341,1
1315360,1
1315389,1
1315603,1
1316054,1
1316550,1
1316983,1
1318035,1
1318067,1
1318249,1
1318278,1
1318487,1
1318730,1
1318733,1
1318889,1
1319357,1
1319814,1
1320781,1
1321037,1
1321206,1
1321510,1
1321881,1
1322208,1
1322282,1
1322714,1
1323005,1
1323757,1
1323767,1
1324557,1
1324608,1
1324640,1
1325114,1
1325453,1
1325734,1
1325744,1
1326912,1
1326976,1
1328128,1
1328153,1
1328349,1
1328848,1
1329123,1
1329558,1
1330317,1
1331037,1
1331463,1
1331786,1
1332134,1
1332720,1
1332810,1
1333335,1
1333668,1
1333677,1
1334329,1
1335088,1
1335094,1
1337558,1
1337590,1
1340099,1
1341581,1
1341610,1
1342841,1
1342880,1
1342947,1
1343085,1
1344678,1
1347318,1
1348870,1
1348995,1
1349632,1
1350608,1
1351133,1
1351296,1
1352345,1
1352576,1
1353059,1
1353588,1
1357971,1
1359981,1
1360646,1
1389011,1
1416842,1
1427449,1
1441382,1
1441776,1
1442320,1
1442714,1
1443206,1
1443380,1
1443735,1
1443827,1
1444425,1
1444931,1
1445308,1
1446016,1
1446124,1
1446435,1
1446544,1
1447066,1
1448454,1
1448713,1
1449405,1
1449431,1
1449504,1
1449795,1
1450998,1
1451447,1
1452378,1
1452873,1
1453050,1
1453565,1
1454052,1
1454157,1
1454186,1
1454793,1
1454848,1
1455235,1
1455350,1
1455770,1
1456739,1
1456928,1
1457132,1
1457523,1
1457626,1
1457642,1
1457901,1
1458073,1
1459030,1
1459171,1
1460153,1
1460569,1
1462717,1
1466448,1
1466512,1
1468150,1
1468220,1
1468950,1
1469801,1
1470032,1
1470106,1
1470666,1
1471350,1
1471472,1
1471476,1
1472000,1
1472250,1
1472605,1
1472928,1
1473895,1
1474016,1
1474068,1
1474602,1
1474842,1
1475500,1
1475510,1
1476196,1
1477504,1
1477988,1
1478067,1
1478403,1
1479030,1
1479049,1
1479114,1
1480745,1
1486182,1
1488320,1
1495187,1
1526451,1
1668599,1
